1 1180 1225
2 1120 1225
3 1219 1225
4 1204 1225
5 1189 1225
6 1222 1225
7 1210 1225
8 1204 1225
9 1204 1225
10 1219 1225
11 1224 1225
12 1215 1225
13 1170 1225
14 1219 1225
15 1215 1225
16 1180 1225
17 1215 1225
18 1147 1225
19 1197 1225
20 1170 1225
21 1147 1225
22 1204 1225
23 1204 1225
24 1159 1225
25 1204 1225
26 1219 1225
27 1120 1225
28 1134 1225
29 1225 1225
30 1054 1225
31 1224 1225
32 1215 1225
33 1215 1225
34 1215 1225
35 1180 1225
36 1215 1225
37 1215 1225
38 1204 1225
39 1134 1225
40 1089 1225
41 1215 1225
42 1204 1225
43 1197 1225
44 1197 1225
45 1210 1225
46 1189 1225
47 1204 1225
48 1222 1225
49 1189 1225
50 1210 1225
51 1159 1225
52 1159 1225
53 1219 1225
54 1219 1225
55 1180 1225
56 1222 1225
57 1219 1225
58 1159 1225
59 1210 1225
60 1210 1225
61 1219 1225
62 1189 1225
63 1219 1225
64 1225 1225
65 1210 1225
66 1225 1225
67 1159 1225
68 1159 1225
69 1170 1225
70 1219 1225
71 1170 1225
72 1134 1225
73 1215 1225
74 1210 1225
75 1180 1225
76 1215 1225
77 1222 1225
78 1197 1225
79 1222 1225
80 1189 1225
81 1215 1225
82 1204 1225
83 1197 1225
84 1222 1225
85 1219 1225
86 1225 1225
87 1089 1225
88 1204 1225
89 1225 1225
90 1204 1225
91 1224 1225
92 1189 1225
93 1225 1225
94 1189 1225
95 1120 1225
96 1197 1225
97 1210 1225
98 1225 1225
99 1224 1225
100 1170 1225
101 1204 1225
102 1215 1225
103 1219 1225
104 1204 1225
105 1197 1225
106 1215 1225
107 1204 1225
108 1159 1225
109 1204 1225
110 1204 1225
111 1224 1225
112 1210 1225
113 1180 1225
114 1159 1225
115 1222 1225
116 1180 1225
117 1215 1225
118 1222 1225
119 1189 1225
120 1089 1225
121 1204 1225
122 1222 1225
123 1120 1225
124 1219 1225
125 1170 1225
126 1159 1225
127 1210 1225
128 1225 1225
129 1222 1225
130 1219 1225
131 1219 1225
132 1225 1225
133 1180 1225
134 1219 1225
135 1170 1225
136 1210 1225
137 1225 1225
138 1219 1225
139 1219 1225
140 1219 1225
141 1197 1225
142 1197 1225
143 1159 1225
144 1180 1225
145 1197 1225
146 1197 1225
147 1222 1225
148 1222 1225
149 1224 1225
150 1204 1225
151 1222 1225
152 1219 1225
153 1210 1225
154 1215 1225
155 1204 1225
156 1210 1225
157 1210 1225
158 1189 1225
159 1222 1225
160 1215 1225
161 1224 1225
162 1204 1225
163 1222 1225
164 1170 1225
165 1225 1225
166 1159 1225
167 1134 1225
168 1219 1225
169 1189 1225
170 1210 1225
171 1189 1225
172 1197 1225
173 1159 1225
174 1219 1225
175 1224 1225
176 1225 1225
177 1170 1225
178 1180 1225
179 1215 1225
180 1197 1225
181 1225 1225
182 1219 1225
183 1204 1225
184 1210 1225
185 1197 1225
186 1215 1225
187 1180 1225
188 1159 1225
189 1180 1225
190 1225 1225
191 1197 1225
192 1189 1225
193 1215 1225
194 1219 1225
195 1224 1225
196 1197 1225
197 1134 1225
198 1225 1225
199 1215 1225
200 1170 1225
201 1224 1225
202 1210 1225
203 1224 1225
204 1189 1225
205 1189 1225
206 1159 1225
207 1134 1225
208 1219 1225
209 1180 1225
210 1170 1225
211 1222 1225
212 1222 1225
213 1204 1225
214 1189 1225
215 1180 1225
216 1120 1225
217 1224 1225
218 1170 1225
219 1204 1225
220 1170 1225
221 1197 1225
222 1225 1225
223 1225 1225
224 1215 1225
225 1224 1225
226 1204 1225
227 1224 1225
228 1224 1225
229 1189 1225
230 1210 1225
231 1219 1225
232 1189 1225
233 1219 1225
234 1189 1225
235 1225 1225
236 1204 1225
237 1225 1225
238 1219 1225
239 1219 1225
240 1219 1225
241 1180 1225
242 1105 1225
243 1197 1225
244 1159 1225
245 1225 1225
246 1219 1225
247 1215 1225
248 1197 1225
249 1120 1225
250 1222 1225
251 1180 1225
252 1210 1225
253 1197 1225
254 1219 1225
255 1197 1225
256 1219 1225
257 1224 1225
258 1180 1225
259 1170 1225
260 1159 1225
261 1222 1225
262 1204 1225
263 1222 1225
264 1180 1225
265 1204 1225
266 1197 1225
267 1197 1225
268 1222 1225
269 1105 1225
270 1189 1225
271 1197 1225
272 1225 1225
273 1219 1225
274 1215 1225
275 1197 1225
276 1189 1225
277 1197 1225
278 1215 1225
279 1219 1225
280 1215 1225
281 1180 1225
282 1189 1225
283 1170 1225
284 1219 1225
285 1210 1225
286 1210 1225
287 1225 1225
288 1222 1225
289 1204 1225
290 1170 1225
291 1180 1225
292 1215 1225
293 1204 1225
294 1210 1225
295 1180 1225
296 1222 1225
297 1204 1225
298 1189 1225
299 1219 1225
300 1204 1225
301 1204 1225
302 1189 1225
303 1219 1225
304 1180 1225
305 1170 1225
306 1225 1225
307 1215 1225
308 1210 1225
309 1170 1225
310 1222 1225
311 1222 1225
312 1170 1225
313 1180 1225
314 1170 1225
315 1224 1225
316 1215 1225
317 1210 1225
318 1210 1225
319 1134 1225
320 1222 1225
321 1225 1225
322 1210 1225
323 1224 1225
324 1197 1225
325 1120 1225
326 1180 1225
327 1147 1225
328 1204 1225
329 1189 1225
330 1215 1225
331 1204 1225
332 1120 1225
333 1180 1225
334 1210 1225
335 1219 1225
336 1197 1225
337 1134 1225
338 1170 1225
339 1170 1225
340 1120 1225
341 1219 1225
342 1219 1225
343 1225 1225
344 1170 1225
345 1189 1225
346 1189 1225
347 1210 1225
348 1219 1225
349 1224 1225
350 1219 1225
351 1215 1225
352 1180 1225
353 1105 1225
354 1204 1225
355 1210 1225
356 1189 1225
357 1210 1225
358 1159 1225
359 1197 1225
360 1204 1225
361 1197 1225
362 1180 1225
363 1147 1225
364 1204 1225
365 1180 1225
366 1159 1225
367 1147 1225
368 1170 1225
369 1210 1225
370 1219 1225
371 1204 1225
372 1210 1225
373 1204 1225
374 1225 1225
375 1159 1225
376 1210 1225
377 1189 1225
378 1219 1225
379 1210 1225
380 1072 1225
381 1210 1225
382 1224 1225
383 1222 1225
384 1180 1225
385 1204 1225
386 1225 1225
387 1134 1225
388 1170 1225
389 1225 1225
390 1215 1225
391 1159 1225
392 1215 1225
393 1134 1225
394 1204 1225
395 1170 1225
396 1189 1225
397 1105 1225
398 1159 1225
399 1170 1225
400 1147 1225
401 1225 1225
402 1219 1225
403 1159 1225
404 1204 1225
405 1215 1225
406 1210 1225
407 1224 1225
408 1224 1225
409 1159 1225
410 1134 1225
411 1180 1225
412 1170 1225
413 1189 1225
414 1219 1225
415 1224 1225
416 1170 1225
417 1204 1225
418 1180 1225
419 1204 1225
420 1222 1225
421 1219 1225
422 1147 1225
423 1219 1225
424 1215 1225
425 1224 1225
426 1222 1225
427 1210 1225
428 1225 1225
429 1210 1225
430 1224 1225
431 1170 1225
432 1219 1225
433 1170 1225
434 1215 1225
435 1189 1225
436 1197 1225
437 1170 1225
438 1219 1225
439 1204 1225
440 1215 1225
441 1120 1225
442 1204 1225
443 1215 1225
444 1134 1225
445 1224 1225
446 1197 1225
447 1072 1225
448 1204 1225
449 1222 1225
450 1159 1225
451 1210 1225
452 1204 1225
453 1204 1225
454 1180 1225
455 1180 1225
456 1197 1225
457 1120 1225
458 1197 1225
459 1180 1225
460 1180 1225
461 1225 1225
462 1224 1225
463 1215 1225
464 1215 1225
465 1180 1225
466 1210 1225
467 1105 1225
468 1189 1225
469 1225 1225
470 1219 1225
471 1219 1225
472 1180 1225
473 1189 1225
474 1210 1225
475 1219 1225
476 1189 1225
477 1215 1225
478 1189 1225
479 1204 1225
480 1225 1225
481 1215 1225
482 1189 1225
483 1210 1225
484 1219 1225
485 1204 1225
486 1180 1225
487 1222 1225
488 1224 1225
489 1197 1225
490 1224 1225
491 1219 1225
492 1204 1225
493 1180 1225
494 1219 1225
495 1159 1225
496 1210 1225
497 1210 1225
498 1180 1225
499 1222 1225
500 1210 1225
501 1180 1225
502 1215 1225
503 1219 1225
504 1170 1225
505 1222 1225
506 1210 1225
507 1197 1225
508 1204 1225
509 1134 1225
510 1219 1225
511 1134 1225
512 1180 1225
513 1189 1225
514 1225 1225
515 1159 1225
516 1147 1225
517 1222 1225
518 1147 1225
519 1189 1225
520 1215 1225
521 1120 1225
522 1224 1225
523 1225 1225
524 1180 1225
525 1210 1225
526 1210 1225
527 1224 1225
528 1225 1225
529 1215 1225
530 1197 1225
531 1210 1225
532 1197 1225
533 1224 1225
534 1210 1225
535 1189 1225
536 1180 1225
537 1215 1225
538 1204 1225
539 1197 1225
540 1215 1225
541 1147 1225
542 1197 1225
543 1204 1225
544 1215 1225
545 1225 1225
546 1215 1225
547 1159 1225
548 1219 1225
549 1072 1225
550 1197 1225
551 1215 1225
552 1159 1225
553 1204 1225
554 1225 1225
555 1197 1225
556 1134 1225
557 1197 1225
558 1189 1225
559 1219 1225
560 1147 1225
561 1215 1225
562 1224 1225
563 1189 1225
564 1170 1225
565 1210 1225
566 1219 1225
567 1222 1225
568 1189 1225
569 1134 1225
570 1197 1225
571 1054 1225
572 1197 1225
573 1225 1225
574 1147 1225
575 1197 1225
576 1189 1225
577 1219 1225
578 1225 1225
579 1222 1225
580 1189 1225
581 1180 1225
582 1210 1225
583 1222 1225
584 1204 1225
585 1180 1225
586 1222 1225
587 1159 1225
588 1189 1225
589 1219 1225
590 1210 1225
591 1219 1225
592 1189 1225
593 1204 1225
594 1222 1225
595 1189 1225
596 1222 1225
597 1219 1225
598 1215 1225
599 1210 1225
600 1210 1225
601 1219 1225
602 1180 1225
603 1147 1225
604 1219 1225
605 1204 1225
606 1215 1225
607 1210 1225
608 1215 1225
609 1197 1225
610 1180 1225
611 1215 1225
612 1120 1225
613 1215 1225
614 1219 1225
615 1170 1225
616 1120 1225
617 1210 1225
618 1197 1225
619 1219 1225
620 1134 1225
621 1215 1225
622 1204 1225
623 1215 1225
624 1215 1225
625 1072 1225
626 1224 1225
627 1225 1225
628 1225 1225
629 1204 1225
630 1210 1225
631 1197 1225
632 1215 1225
633 1204 1225
634 1219 1225
635 1222 1225
636 1170 1225
637 1180 1225
638 1215 1225
639 1120 1225
640 1189 1225
641 1170 1225
642 1210 1225
643 1210 1225
644 1159 1225
645 1159 1225
646 1225 1225
647 1089 1225
648 1159 1225
649 1225 1225
650 1180 1225
651 1180 1225
652 1197 1225
653 1180 1225
654 1180 1225
655 1204 1225
656 1189 1225
657 1204 1225
658 1222 1225
659 1197 1225
660 1210 1225
661 1219 1225
662 1219 1225
663 1134 1225
664 1189 1225
665 1224 1225
666 1222 1225
667 1210 1225
668 1204 1225
669 1180 1225
670 1215 1225
671 1180 1225
672 1210 1225
673 1219 1225
674 1197 1225
675 1215 1225
676 1222 1225
677 1215 1225
678 1197 1225
679 1222 1225
680 1215 1225
681 1204 1225
682 1147 1225
683 1134 1225
684 1215 1225
685 1180 1225
686 1189 1225
687 1224 1225
688 1180 1225
689 1197 1225
690 1222 1225
691 1204 1225
692 1204 1225
693 1210 1225
694 1219 1225
695 1215 1225
696 1204 1225
697 1222 1225
698 1219 1225
699 1219 1225
700 1222 1225
701 1035 1225
702 1210 1225
703 1204 1225
704 1222 1225
705 1215 1225
706 1120 1225
707 1222 1225
708 1197 1225
709 1219 1225
710 1197 1225
711 1204 1225
712 1215 1225
713 1120 1225
714 1224 1225
715 1189 1225
716 1224 1225
717 1222 1225
718 1147 1225
719 1210 1225
720 1215 1225
721 1170 1225
722 1170 1225
723 1222 1225
724 1224 1225
725 1215 1225
726 1222 1225
727 1225 1225
728 1225 1225
729 1204 1225
730 1219 1225
731 1222 1225
732 1224 1225
733 1170 1225
734 1197 1225
735 1197 1225
736 1219 1225
737 1197 1225
738 1210 1225
739 1159 1225
740 1204 1225
741 1180 1225
742 1210 1225
743 1222 1225
744 1204 1225
745 1134 1225
746 1204 1225
747 1072 1225
748 1197 1225
749 1215 1225
750 1197 1225
751 1147 1225
752 1204 1225
753 1147 1225
754 1197 1225
755 1210 1225
756 1215 1225
757 1197 1225
758 1189 1225
759 1134 1225
760 1210 1225
761 1197 1225
762 1197 1225
763 1219 1225
764 1147 1225
765 1215 1225
766 1224 1225
767 1210 1225
768 1159 1225
769 1224 1225
770 1219 1225
771 1222 1225
772 1222 1225
773 1222 1225
774 1210 1225
775 1219 1225
776 1224 1225
777 1204 1225
778 1210 1225
779 1170 1225
780 1147 1225
781 1215 1225
782 1197 1225
783 1219 1225
784 1180 1225
785 1222 1225
786 1219 1225
787 1215 1225
788 1204 1225
789 1197 1225
790 1089 1225
791 1219 1225
792 1189 1225
793 1189 1225
794 1147 1225
795 1225 1225
796 1215 1225
797 1170 1225
798 1204 1225
799 1180 1225
800 1224 1225
801 1222 1225
802 1147 1225
803 1222 1225
804 1222 1225
805 1159 1225
806 1215 1225
807 1120 1225
808 1159 1225
809 1210 1225
810 1204 1225
811 1180 1225
812 1224 1225
813 1189 1225
814 1197 1225
815 1222 1225
816 1225 1225
817 1215 1225
818 1197 1225
819 1197 1225
820 1189 1225
821 1210 1225
822 1219 1225
823 1204 1225
824 1170 1225
825 1210 1225
826 1222 1225
827 1204 1225
828 1219 1225
829 1180 1225
830 1224 1225
831 994 1225
832 1170 1225
833 1219 1225
834 1225 1225
835 1225 1225
836 1120 1225
837 1204 1225
838 1219 1225
839 1189 1225
840 1225 1225
841 1170 1225
842 1224 1225
843 1170 1225
844 1120 1225
845 1159 1225
846 1222 1225
847 1215 1225
848 1222 1225
849 1210 1225
850 1210 1225
851 1210 1225
852 1204 1225
853 1197 1225
854 1105 1225
855 1222 1225
856 1225 1225
857 1189 1225
858 1204 1225
859 1180 1225
860 1170 1225
861 1147 1225
862 1204 1225
863 1159 1225
864 1210 1225
865 1225 1225
866 1147 1225
867 1222 1225
868 1180 1225
869 1147 1225
870 1072 1225
871 1204 1225
872 1189 1225
873 1210 1225
874 1219 1225
875 1210 1225
876 1147 1225
877 1210 1225
878 1210 1225
879 1215 1225
880 1224 1225
881 1204 1225
882 1180 1225
883 1222 1225
884 1225 1225
885 1197 1225
886 1197 1225
887 1204 1225
888 1189 1225
889 1210 1225
890 1180 1225
891 1204 1225
892 1197 1225
893 1170 1225
894 1189 1225
895 1147 1225
896 1189 1225
897 1222 1225
898 1180 1225
899 1147 1225
900 1170 1225
901 1189 1225
902 1134 1225
903 1204 1225
904 1197 1225
905 1159 1225
906 1134 1225
907 1210 1225
908 1197 1225
909 1204 1225
910 1204 1225
911 1210 1225
912 1215 1225
913 1224 1225
914 1159 1225
915 1219 1225
916 1147 1225
917 1072 1225
918 1222 1225
919 1189 1225
920 1210 1225
921 1204 1225
922 1210 1225
923 1215 1225
924 1225 1225
925 1210 1225
926 1225 1225
927 1222 1225
928 1204 1225
929 1204 1225
930 1204 1225
931 1222 1225
932 1204 1225
933 1204 1225
934 1180 1225
935 1210 1225
936 1219 1225
937 1219 1225
938 1189 1225
939 1189 1225
940 1204 1225
941 1219 1225
942 1204 1225
943 1215 1225
944 1210 1225
945 1222 1225
946 1215 1225
947 1197 1225
948 1219 1225
949 1197 1225
950 1219 1225
951 1134 1225
952 1147 1225
953 1197 1225
954 1225 1225
955 1170 1225
956 1219 1225
957 1219 1225
958 1204 1225
959 1180 1225
960 1219 1225
961 1180 1225
962 1189 1225
963 1180 1225
964 1147 1225
965 1180 1225
966 1222 1225
967 1189 1225
968 1170 1225
969 1225 1225
970 1215 1225
971 1204 1225
972 1180 1225
973 1170 1225
974 1215 1225
975 1189 1225
976 1170 1225
977 1159 1225
978 1215 1225
979 1147 1225
980 1215 1225
981 1197 1225
982 1089 1225
983 1219 1225
984 1225 1225
985 1215 1225
986 1197 1225
987 1225 1225
988 1170 1225
989 1204 1225
990 1170 1225
991 1189 1225
992 1189 1225
993 1222 1225
994 1170 1225
995 1197 1225
996 1170 1225
997 1210 1225
998 1222 1225
999 1219 1225
1000 1219 1225
